1 , 1 , [0.9, 0.09999999999999998, -0.22000000000000006, -0.27, -0.03999999999999998] 

2 , 2 , [0.9, -0.09000000000000008, -0.19000000000000009, -0.6000000000000001, -0.15999999999999998] 

3 , 2 , [0.9, -0.28000000000000014, -0.16000000000000011, -0.9300000000000002, -0.2799999999999999] 

4 , 1 , [1.0, 0.22999999999999987, 0.18999999999999992, -0.7900000000000001, -0.2599999999999999] 

5 , 0 , [1.0, 0.22999999999999987, 0.18999999999999992, -0.7900000000000001, -0.2599999999999999] 

