1 , 1 , [0.30000000000000004, -0.6000000000000001, 0.17999999999999994, -0.07, 0.76] 

2 , 2 , [0.30000000000000004, -0.7900000000000001, 0.20999999999999996, -0.4, 0.64] 

3 , 3 , [0.4, -0.4800000000000002, 0.54, -0.5700000000000001, 0.54] 

4 , 2 , [0.4, -0.6700000000000003, 0.5700000000000001, -0.9000000000000001, 0.42000000000000004] 

5 , 1 , [0.5, -0.16000000000000025, 0.9200000000000002, -0.7600000000000001, 0.44000000000000006] 

6 , 0 , [0.5, -0.16000000000000025, 0.9200000000000002, -0.7600000000000001, 0.44000000000000006] 

